SIMI94 SSP with ice
N J C Z 
850 850 1 0
13
0.0	0.0	0.0	0.0	0.0	0.0	0.0
0 	3600 	1800 	0.216 	0.648 	0.9 	0
2	3600	-3600	0.216 	0.648 	0.9	-0.2	19.1	2.5
2	1431.5	-999.999	0.0	0	1	0
100	1443	-999.999	0.0	0	1	0
200	1450	-999.999	0.0	0	1	0
300	1458	-999.999	0.0	0	1	0
450	1460	-999.999	0.0	0	1	0
600	1460.5	-999.999	0.0	0	1	0
700	1462	-999.999	0.0	0	1	0
750	1463	-999.999	0.0	0	1	0
3000	1500	-1500	0.0	0.0	1	0
3000	2200	1500	0.5	0.5	2.9	0

2.5

0.1 300 100 0

1300 1600
-1 0 0 

0 50 20 10
0 300 12 10
50 100 1.5

1400 2300 15 20
0 3300 15 100

